3,46
121,5
121,4
121,3
121,2
121,1
121,0
1,47
117,3
117,2
117,1
117,0
116,5
116,4
116,3
116,2
116,1
116,0
106,7
106,6
106,5
106,4
106,3
106,2
106,1
106,0
105,3
105,2
105,1
105,0
103,6
103,5
103,4
103,3
103,2
103,1
103,0
102,4
102,3
102,2
102,1
102,0
99,6
99,5
99,4
99,3
99,2
99,1
99,0
98,5
98,4
98,3
98,2
98,1
98,0
73,7
73,6
73,5
73,4
73,3
73,2
73,1
73,0
70,5
70,3
70,2
70,1
70,0
68,3
68,2
68,1
68,0
58,3
58,2
58,1
58,0
54,7
54,6
54,5
54,4
54,3
54,2
54,1
54,0
53,8
53,7
53,6
53,5
53,4
53,3
53,2
53,1
53,0
52,7
52,6
52,5
52,4
52,3
52,2
52,1
52,0
51,4
51,3
51,2
51,1
51,0
50,4
50,3
50,2
50,1
50,0
49,5
49,4
49,3
49,2
49,1
49,0
48,4
48,3
48,2
48,1
48,0
47,4
47,3
47,2
47,1
47,0
46,7
46,6
46,4
46,3
46,2
46,1
46,0
45,4
45,3
45,2
45,1
45,0
44,6
44,5
44,4
44,3
44,2
44,1
44,0
43,4
43,3
43,2
43,1
43,0
42,4
42,3
42,2
42,1
42,0
41,4
41,3
41,2
41,1
41,0
18,4
18,3
18,2
18,1
18,0
9,3
9,2
9,1
9,0
7,3
5,7
5,6
5,5
5,3
5,2
5,0
4,3
3,2
2,2
1,2
0,9
1,45
3,44
2,44
1,44
3,43
2,43
1,43
3,42
2,42
1,42
3,41
2,41
1,41
3,40
2,40
1,40
3,39
2,39
1,39
3,38
2,38
1,38
3,37
2,37
1,37
3,36
2,36
1,36
3,35
2,35
1,35
3,34
2,34
1,34
3,33
2,33
1,33
3,32
2,32
1,32
3,31
2,31
1,31
3,30
2,30
1,30
3,29
2,29
1,29
3,28
2,45
2,28
1,28
3,27
2,27
1,27
3,26
2,26
1,26
3,25
2,25
1,46
1,25
3,24
2,24
1,24
3,45
3,23
2,23
1,23
3,22
2,22
1,22
3,21
2,21
1,21
3,20
2,20
1,20
3,19
2,19
1,19
3,18
2,18
1,18
3,17
2,17
1,17
3,16
2,16
1,16
3,15
2,15
1,15
3,14
2,14
1,14
3,13
2,13
1,13
3,12
2,12
1,12
3,11
2,11
1,11
3,10
2,10
1,10
3,9
2,9
1,9
3,8
2,8
1,8
3,7
2,7
1,7
3,6
2,6
1,6
3,5
2,5
1,5
3,4
2,4
1,4
3,3
3,0
2,3
2,0
1,3
1,0
0,6
0,0
0,47
0,46
0,49
0,48
0,45
0,12
0,10
0,8
0,11
0,5
0,7
0,4
0,3
